---
startPose:
  x: -38.0
  y: 62.0
  heading: 1.5707963267948966
startTangent: 0.0
waypoints:
- position:
    x: -28.0
    y: 35.0
  heading: 2.6179938779914944
  tangent: 4.71238898038469
  interpolationType: "SPLINE"
- position:
    x: -58.0
    y: 53.0
  heading: 4.71238898038469
  tangent: 1.5707963267948966
  interpolationType: "SPLINE"
- position:
    x: 10.0
    y: 43.0
  heading: 0.0
  tangent: 0.0
  interpolationType: "SPLINE"
- position:
    x: 40.0
    y: 43.0
  heading: 0.0
  tangent: 0.0
  interpolationType: "SPLINE"
resolution: 0.25
version: 1
