---
startPose:
  x: -12.0
  y: -64.0
  heading: 1.5707963267948966
startTangent: 0.0
waypoints:
- position:
    x: 13.0
    y: -30.0
  heading: 1.5707963267948966
  tangent: 1.5707963267948966
  interpolationType: "SPLINE"
- position:
    x: -10.0
    y: 0.0
  heading: 1.5707963267948966
  tangent: 3.839724354387525
  interpolationType: "SPLINE"
- position:
    x: -35.0
    y: -10.0
  heading: 0.0
  tangent: 4.886921905584122
  interpolationType: "CONSTANT"
- position:
    x: -12.0
    y: -64.0
  heading: 1.5707963267948966
  tangent: 0.08726646259971647
  interpolationType: "SPLINE"
resolution: 0.25
version: 1
